0 
0 
0 
0 
0 
0 
0 
0 
0 
0 
0 
0 
0 
0 
0 
0 
0 
0 
0 
0 
0 
0 
0 
0 
0 
0 
0 
0 
0 
0 
0 
0 
0 
0 
0 
0 
0 
0 
0 
0 
0 
0 
0 
0 
0 
0 
0 
0 
0 
0 
0 
0 
0 
0 
0 
0 
0 
0 
0 
0 
0 
0 
2 
3 
4 
5 
0 
0 
0 
0 
0 
0 
0 
0 
0 
0 
0 
0 
0 
0 
0 
0 
0 
0 
0 
0 
0 
0 
0 
0 
0 
0 
0 
0 
0 
0 
0 
0 
0 
0 
0 
0 
0 
0 
0 
0 
0 
0 
0 
0 
0 
0 
0 
0 
0 
0 
0 
0 
0 
0 
0 
0 
0 
0 
0 
0 
1169 
1036 
-461 
1699 
1693 
-471 
287 
-318 
1634 
266 
1904 
1013 
-29 
-234 
250 
-1179 
1495 
-840 
-275 
396 
1154 
-842 
-1739 
216 
-694 
-89 
-1020 
-405 
522 
-674 
-877 
-805 
2026 
-441 
-478 
1038 
1150 
1369 
-941 
1403 
-426 
1162 
-1821 
210 
-1091 
-1868 
-62 
-630 
1552 
1661 
1267 
-1670 
-112 
1116 
2044 
622 
469 
-650 
-1498 
-891 
-1273 
1080 
0 
0 
0 
0 
0 
0 
0 
0 
0 
0 
0 
0 
0 
0 
0 
0 
0 
0 
0 
0 
0 
0 
0 
0 
0 
0 
0 
0 
0 
0 
0 
0 
0 
0 
0 
0 
0 
0 
0 
0 
0 
0 
0 
0 
0 
0 
0 
0 
0 
0 
0 
0 
0 
0 
0 
0 
0 
0 
0 
0 
0 
0 
